% === TRAIN DECISION TREE FROM PATCH FEATURES ===

% Each row is a labeled patch with features:
X = [...
    %cancer
    6.9144, 0.1397, 0.0250, 286.6272, 0.8367, 0.1783, 0.0002, 523.5015, 24247974.0000, 2212083.2500, 609229.2500, 59542.2500, 1424986.6458, 244.2183, 1.7502;
    7.2218, 0.1307, 0.0288, 250.2918, 0.9078, 0.1891, 0.0002, 523.3856, 24240928.0000, 2015177.2500, 496368.2500, 114573.2500, 1243327.1875, 229.2637, 1.7852;
    7.0955, 0.1549, 0.0260, 209.6139, 0.9081, 0.2058, 0.0002, 403.3844, 17790550.0000, 3590947.7500, 581345.7500, 95450.7500, 1451679.8125, 263.0629, 1.7358;
    7.2132, 0.1803, 0.0267, 177.1736, 0.9412, 0.2108, 0.0002, 437.3337, 19445978.0000, 2180893.5000, 765973.5000, 141669.5000, 1143978.1250, 235.1259, 1.7521;
    6.7911, 0.1615, 0.0280, 154.1861, 0.8983, 0.2139, 0.0003, 450.7422, 20136624.0000, 1208599.7500, 445725.7500, 46765.7500, 887808.2083, 204.8217, 1.6601;
    7.1402, 0.1994, 0.0323, 152.7224, 0.9360, 0.2289, 0.0003, 464.5703, 20870734.0000, 874865.2500, 342693.2500, 40443.2500, 759929.1667, 202.4676, 1.7338;
    6.8972, 0.1954, 0.0271, 132.1658, 0.9345, 0.2313, 0.0004, 470.3734, 21185416.0000, 705982.0000, 464772.0000, 73602.0000, 629652.2500, 184.4666, 1.5604;
    6.7121, 0.1668, 0.0245, 106.3725, 0.9221, 0.2430, 0.0004, 394.0826, 17360312.0000, 1099634.0000, 539845.0000, 96340.0000, 670239.0208, 199.9136, 1.7686;
    6.4116, 0.1422, 0.0266, 67.2217, 0.9232, 0.2707, 0.0006, 451.4986, 20176206.0000, 467883.7500, 265613.7500, 55764.7500, 492300.1458, 141.7247, 1.7492;
    6.8454, 0.1468, 0.0233, 190.0216, 0.8810, 0.2092, 0.0003, 453.4371, 20277948.0000, 527037.2500, 476146.2500, 26345.2500, 863949.2083, 214.0949, 1.7070;
    7.0010, 0.1517, 0.0278, 235.2532, 0.8843, 0.2069, 0.0003, 483.3627, 21903940.0000, 674116.2500, 672745.2500, 64908.2500, 956853.5417, 240.1708, 1.7185;
    6.8808, 0.1238, 0.0223, 116.1988, 0.9307, 0.2273, 0.0003, 328.7759, 14622281.0000, 712683.5000, 441010.5000, 66606.5000, 704955.7083, 206.9234, 1.7490;
    6.9866, 0.1616, 0.0270, 162.4978, 0.9163, 0.2256, 0.0003, 407.8587, 18001072.0000, 377422.5000, 687016.5000, 52614.5000, 748745.0000, 231.6075, 1.6043;
    6.6276, 0.1344, 0.0215, 116.3251, 0.9002, 0.2359, 0.0004, 406.4966, 17936736.0000, 1860889.7500, 393365.7500, 85280.7500, 961142.2292, 183.0826, 1.7409;
    7.1130, 0.2060, 0.0301, 147.7148, 0.9377, 0.2378, 0.0003, 504.1478, 23094420.0000, 2662234.0000, 326488.0000, 110208.0000, 1075142.7917, 182.0308, 1.7456;
    6.5332, 0.1276, 0.0251, 109.9400, 0.8936, 0.2487, 0.0005, 448.3590, 20012346.0000, 417288.2500, 326756.2500, 21084.2500, 717454.0208, 170.5350, 1.7320;
    6.8928, 0.1789, 0.0254, 91.8258, 0.9585, 0.2583, 0.0005, 376.7545, 16585601.0000, 370670.5000, 449700.5000, 23805.5000, 514183.9792, 183.8430, 1.7095;
    6.3474, 0.1343, 0.0239, 53.1027, 0.9339, 0.2984, 0.0008, 420.3052, 18598926.0000, 754186.7500, 181542.7500, 16194.7500, 458278.5417, 126.9415, 1.7032;
    6.4207, 0.1659, 0.0212, 38.7686, 0.9566, 0.3092, 0.0008, 402.0228, 17726942.0000, 429058.0000, 147497.0000, 13205.0000, 340460.9792, 120.9759, 1.8337;

    %dysplasia
    6.8253, 0.1552, 0.0196, 171.5214, 0.8909, 0.2591, 0.0004, 378.1317, 16645902.0000, 98928.0000, 477156.0000, 10861.0000, 681347.0833, 223.1754, 1.6914;
    6.7523, 0.1480, 0.0199, 111.2774, 0.9203, 0.2712, 0.0005, 372.5475, 16402764.0000, 67213.2500, 429798.2500, 22171.2500, 375034.4583, 200.1951, 1.6684;
    6.8591, 0.1203, 0.0166, 56.1389, 0.9674, 0.2940, 0.0005, 364.3588, 16052776.0000, 751095.7500, 314004.7500, 29800.7500, 401650.1458, 144.3718, 1.8803;

    %IM
    6.3227, 0.2280, 0.0344, 196.8110, 0.7564, 0.2052, 0.0005, 513.9871, 23675442.0000, 1140224.0000, 464422.0000, 150955.0000, 842656.1042, 212.9375, 1.5891;
    6.0615, 0.3226, 0.0286, 136.8415, 0.7410, 0.2166, 0.0006, 512.5958, 23592604.0000, 987377.5000, 406139.5000, 84714.5000, 692693.6458, 177.2924, 1.7235;
    6.1589, 0.3147, 0.0312, 110.0341, 0.8176, 0.2298, 0.0006, 509.5967, 23414802.0000, 1310344.5000, 313531.5000, 145871.5000, 711074.9792, 171.6185, 1.7674;
    6.2735, 0.4386, 0.0235, 94.4352, 0.8838, 0.2610, 0.0007, 379.0972, 16688304.0000, 80725.5000, 538967.5000, 11926.5000, 402132.6250, 210.2857, 1.5572;
    5.9323, 0.4598, 0.0173, 63.0764, 0.8571, 0.2732, 0.0009, 374.7374, 16497679.0000, 956940.0000, 281788.0000, 46230.0000, 605653.9583, 168.2271, 1.7719;
    5.8923, 0.4894, 0.0174, 78.1197, 0.8350, 0.2679, 0.0010, 384.2490, 16916392.0000, 74071.7500, 418650.7500, 11116.7500, 311176.1042, 188.5454, 1.5890;
    5.6433, 0.4935, 0.0215, 47.5200, 0.8386, 0.2962, 0.0012, 383.7067, 16892242.0000, 50345.5000, 283501.5000, 18350.5000, 201121.7500, 137.5083, 1.7334;
    5.8790, 0.4871, 0.0203, 40.8418, 0.9018, 0.3060, 0.0011, 378.7746, 16674121.0000, 437333.0000, 271952.0000, 34555.0000, 337466.8125, 133.3022, 1.6795;
    5.5762, 0.5106, 0.0149, 48.8897, 0.8286, 0.3044, 0.0014, 386.0231, 16995654.0000, 646897.2500, 244244.2500, 66513.2500, 316814.7292, 140.0086, 1.7243;
    5.6365, 0.4820, 0.0213, 38.2458, 0.8694, 0.3067, 0.0013, 385.7321, 16982632.0000, 47876.0000, 295036.0000, 8174.0000, 405597.3125, 145.7008, 1.6670;
    6.8662, 0.2898, 0.0205, 310.7590, 0.8226, 0.1836, 0.0003, 409.8470, 18095368.0000, 5571515.5000, 1066463.5000, 270309.5000, 1987725.5833, 354.3028, 1.8315;
    6.7509, 0.3246, 0.0203, 190.1352, 0.8651, 0.2138, 0.0003, 403.6612, 17803510.0000, 3257511.0000, 658767.0000, 247761.0000, 1243184.8333, 281.7533, 1.7275;
    6.6080, 0.4595, 0.0243, 212.8653, 0.8122, 0.1780, 0.0003, 391.9489, 17263038.0000, 1951910.7500, 861120.7500, 225012.7500, 1125878.3125, 309.8080, 1.7540;
    6.4850, 0.4758, 0.0240, 165.8497, 0.8251, 0.1895, 0.0003, 398.7470, 17574804.0000, 1675075.2500, 627698.2500, 189503.2500, 1048916.2500, 264.7524, 1.6966;
    6.4631, 0.4590, 0.0255, 159.7165, 0.8273, 0.1927, 0.0004, 393.9319, 17353424.0000, 1307086.7500, 551365.7500, 98839.7500, 943597.0000, 263.3059, 1.7149;
    6.5371, 0.4266, 0.0261, 196.8091, 0.8079, 0.1876, 0.0003, 426.2040, 18888544.0000, 1159078.5000, 655368.5000, 106394.5000, 865818.5208, 284.0890, 1.6794;
    6.3149, 0.4691, 0.0260, 146.8630, 0.8042, 0.1981, 0.0004, 430.7555, 19114772.0000, 1332341.2500, 500297.2500, 103917.2500, 842464.0417, 225.9480, 1.6725;
    6.7181, 0.4532, 0.0284, 142.1399, 0.8937, 0.2044, 0.0003, 403.1439, 17779304.0000, 1472672.5000, 559896.5000, 101720.5000, 871264.7500, 244.3510, 1.6607;
    6.2857, 0.5150, 0.0258, 127.4748, 0.8225, 0.2098, 0.0005, 436.7922, 19418520.0000, 1031294.2500, 421058.2500, 152413.2500, 783018.1458, 210.3641, 1.6835;
    6.3599, 0.4707, 0.0266, 123.2659, 0.8449, 0.2119, 0.0004, 460.6316, 20659376.0000, 1220189.0000, 328509.0000, 86898.0000, 811775.7292, 202.8688, 1.7089;
    6.0900, 0.3424, 0.0304, 120.8185, 0.7884, 0.2212, 0.0006, 463.9040, 20834854.0000, 810011.0000, 409805.0000, 78097.0000, 601414.8125, 201.9080, 1.5875;
    6.2881, 0.4069, 0.0287, 90.9935, 0.8736, 0.2352, 0.0005, 481.0619, 21775240.0000, 707338.7500, 286491.7500, 116607.7500, 520770.9167, 162.9253, 1.7263;
    6.4597, 0.4223, 0.0265, 87.1401, 0.9076, 0.2370, 0.0005, 469.0471, 21113154.0000, 795036.7500, 321190.7500, 72601.7500, 546250.8750, 161.6279, 1.7266;
    6.5171, 0.4170, 0.0306, 91.0722, 0.9098, 0.2409, 0.0005, 436.5782, 19407686.0000, 675051.2500, 363044.2500, 53922.2500, 501652.6875, 184.6828, 1.7526;
    6.1068, 0.3327, 0.0319, 79.2424, 0.8581, 0.2578, 0.0007, 482.4811, 21854558.0000, 543819.7500, 283791.7500, 93803.7500, 402571.4583, 154.8710, 1.7926;
    5.9210, 0.3953, 0.0314, 54.8645, 0.8739, 0.2831, 0.0009, 496.9579, 22676948.0000, 641231.5000, 152393.5000, 76756.5000, 332865.0208, 120.2858, 1.7156;
    5.9766, 0.3721, 0.0258, 103.8267, 0.8046, 0.2617, 0.0009, 419.4466, 18557104.0000, 887722.7500, 401058.7500, 105710.7500, 688169.0000, 190.1327, 1.6854;
    5.3805, 0.4492, 0.0227, 40.4139, 0.8106, 0.3219, 0.0019, 415.7407, 18377590.0000, 515378.5000, 118584.5000, 20473.5000, 406305.1042, 128.4929, 1.7124;
